   214752140700001      108536         515   214751    63
   402322140700001       66991           0   402321    63
   402762140700001        2000           0   402761    63
   618362140700001       78225           0   618361    63
   831005140700001        2000           0   831001    63
   906625140700001       71375       15746   906621    63
  1386735140700001        2000           0  1386731    63
  1455645140700001        2000           0  1455641    63
  1644025140700001        2000           0  1644021    63
  1821255140700001       37645         762  1821251    63
  1893085140700001       11888         709  1893081    63
  1899605140700001       37003           0  1899601    63
  4104541140700003        2000           0  4104541    63
  4309191140700003       50572           0  4309191    63
  5032862140700001       34003           0  5032861    63
  5179262140700001       73821         601  5179261    63
  5751431140700001        2000           0  5751431    63
  7035662140700001       39502           0  7035661    63
  7039262140700001        2000           0  7039261    63
  7662591140700001        2000           0  7662591    63
  8048363140700001           0       60000  8048361     0
  8132301140700001        2000           0  8132301    63
  8142101140700001           0        2000  8142101     0
  8143501140700001       64024         714  8143501    63
  8148221140700001        2000           0  8148221    63
  8627621140700001       67004           0  8627621    63
  8758793140700001        2000           0  8758791    63
  8823801140700001        2000           0  8823801    63
  8915263140700001       22005           0  8915261    63